analyte_id	npeak	pkexp	pksupport	pksupport_pct	pkheight	totbead	ngoodbead	medexp	method
1	1.00	200.00	194.00	100.00	0.57	194.00	194.00	7.65	median
2	1.00	295.00	181.00	100.00	0.73	181.00	181.00	8.20	median
3	1.00	343.00	170.00	100.00	0.51	170.00	170.00	8.42	median
4	1.00	576.00	129.00	100.00	0.48	129.00	129.00	9.17	median
5	1.00	657.00	178.00	100.00	0.41	178.00	178.00	9.36	median
6	1.00	826.00	192.00	100.00	0.57	192.00	192.00	9.69	median
7	1.00	1212.00	206.00	100.00	0.34	206.00	206.00	10.24	median
8	1.00	1431.00	176.00	100.00	0.25	176.00	176.00	10.48	median
9	1.00	1627.00	183.00	100.00	0.31	184.00	183.00	10.67	median
10	1.00	2917.00	226.00	100.00	0.56	226.00	226.00	11.51	median
11	1.00	154.00	59.00	100.00	0.13	59.00	59.00	7.27	median
12	4.00	1597.00,3055.00,1098.00,139.00	24.00,8.00,3.00,1.00	66.67,22.22,8.33,2.78	1.00,0.33,0.20,0.06	36.00	36.00	10.70	kmeans_opt
13	3.00	151.00,553.00,3047.00	27.00,10.00,2.00	69.23,25.64,5.13	0.61,0.27,0.03	39.00	39.00	7.39	kmeans_opt
14	2.00	606.00,117.00	22.00,16.00	57.89,42.11	0.41,0.20	38.00	38.00	8.81	kmeans_opt
15	2.00	2282.00,117.00	29.00,14.00	67.44,32.56	0.73,0.27	44.00	43.00	10.96	kmeans_opt
16	3.00	729.00,508.00,177.00	27.00,19.00,3.00	55.10,38.78,6.12	0.89,0.64,0.08	49.00	49.00	9.28	kmeans_opt
17	3.00	360.00,598.00,65.00	24.00,15.00,2.00	58.54,36.59,4.88	0.86,0.52,0.00	41.00	41.00	8.65	kmeans_opt
18	3.00	156.00,244.00,42.00	26.00,11.00,2.00	66.67,28.21,5.13	0.85,0.48,0.06	39.00	39.00	7.37	kmeans_opt
19	2.00	846.00,119.00	27.00,18.00	60.00,40.00	0.69,0.32	45.00	45.00	9.56	kmeans_opt
20	2.00	205.00,2284.00	27.00,12.00	69.23,30.77	0.44,0.26	39.00	39.00	7.85	kmeans_opt
21	2.00	260.00,474.00	22.00,13.00	62.86,37.14	0.61,0.38	35.00	35.00	8.27	kmeans_opt
22	3.00	911.00,405.00,80.00	35.00,9.00,3.00	74.47,19.15,6.38	0.74,0.21,0.07	47.00	47.00	9.70	kmeans_opt
23	2.00	254.00,638.00	27.00,11.00	71.05,28.95	0.72,0.22	38.00	38.00	8.13	kmeans_opt
24	2.00	258.00,1348.00	30.00,15.00	66.67,33.33	0.21,0.15	45.00	45.00	8.30	kmeans_opt
25	4.00	130.00,186.00,49.00,737.00	21.00,17.00,3.00,1.00	50.00,40.48,7.14,2.38	0.86,0.79,0.11,0.05	43.00	42.00	7.26	kmeans_opt
26	2.00	228.00,1395.00	21.00,17.00	55.26,44.74	0.25,0.22	38.00	38.00	8.32	kmeans_opt
27	2.00	126.00,1660.00	22.00,10.00	68.75,31.25	0.75,0.31	32.00	32.00	7.12	kmeans_opt
28	3.00	178.00,1294.00,65.00	25.00,7.00,3.00	71.43,20.00,8.57	0.75,0.24,0.08	35.00	35.00	7.55	kmeans_opt
29	3.00	2819.00,789.00,110.00	20.00,13.00,2.00	57.14,37.14,5.71	0.55,0.28,0.06	35.00	35.00	11.19	kmeans_opt
30	3.00	273.00,207.00,61.00	26.00,11.00,3.00	65.00,27.50,7.50	1.25,0.63,0.13	40.00	40.00	8.01	kmeans_opt
31	3.00	751.00,965.00,284.00	26.00,20.00,1.00	55.32,42.55,2.13	1.20,0.96,0.06	47.00	47.00	9.68	kmeans_opt
32	3.00	108.00,515.00,34.00	30.00,12.00,4.00	65.22,26.09,8.70	0.53,0.23,0.07	46.00	46.00	6.96	kmeans_opt
33	2.00	729.00,318.00	31.00,11.00	73.81,26.19	0.42,0.30	42.00	42.00	9.17	kmeans_opt
34	3.00	117.00,1906.00,38.00	16.00,6.00,3.00	64.00,24.00,12.00	0.53,0.25,0.07	25.00	25.00	6.88	kmeans_opt
35	3.00	631.00,2155.00,250.00	27.00,9.00,7.00	62.79,20.93,16.28	0.82,0.26,0.13	43.00	43.00	9.30	kmeans_opt
36	2.00	453.00,78.00	38.00,7.00	84.44,15.56	0.46,0.07	45.00	45.00	8.59	kmeans_opt
37	3.00	462.00,855.00,78.00	24.00,18.00,6.00	50.00,37.50,12.50	0.47,0.38,0.10	48.00	48.00	8.99	kmeans_opt
38	3.00	364.00,1159.00,49.00	23.00,15.00,4.00	54.76,35.71,9.52	0.56,0.35,0.10	42.00	42.00	8.68	kmeans_opt
39	3.00	382.00,476.00,64.00	32.00,17.00,6.00	58.18,30.91,10.91	1.32,0.76,0.02	55.00	55.00	8.63	kmeans_opt
40	2.00	3041.00,338.00	13.00,6.00	68.42,31.58	0.61,0.23	19.00	19.00	11.36	kmeans_opt
41	4.00	340.00,3859.00,632.00,51.00	29.00,10.00,4.00,2.00	64.44,22.22,8.89,4.44	0.86,0.29,0.12,0.01	45.00	45.00	8.58	kmeans_opt
42	3.00	356.00,1298.00,74.00	25.00,11.00,2.00	65.79,28.95,5.26	0.72,0.37,0.05	38.00	38.00	8.53	kmeans_opt
43	2.00	347.00,1038.00	28.00,9.00	75.68,24.32	0.69,0.33	37.00	37.00	8.52	kmeans_opt
44	3.00	907.00,572.00,428.00	23.00,17.00,6.00	50.00,36.96,13.04	0.69,0.60,0.32	46.00	46.00	9.51	kmeans_opt
45	2.00	908.00,277.00	41.00,5.00	89.13,10.87	0.53,0.07	46.00	46.00	9.64	kmeans_opt
46	2.00	230.00,824.00	31.00,17.00	64.58,35.42	0.49,0.27	48.00	48.00	8.14	kmeans_opt
47	3.00	275.00,1631.00,46.00	41.00,18.00,4.00	65.08,28.57,6.35	0.70,0.34,0.06	63.00	63.00	8.29	kmeans_opt
48	3.00	635.00,420.00,105.00	25.00,15.00,3.00	58.14,34.88,6.98	0.79,0.54,0.04	43.00	43.00	9.08	kmeans_opt
49	3.00	1068.00,649.00,85.00	28.00,15.00,1.00	63.64,34.09,2.27	0.76,0.52,0.04	44.00	44.00	9.77	kmeans_opt
50	2.00	1021.00,137.00	38.00,23.00	62.30,37.70	0.49,0.22	62.00	61.00	9.68	kmeans_opt
51	2.00	614.00,74.00	34.00,11.00	75.56,24.44	0.41,0.10	45.00	45.00	9.03	kmeans_opt
52	3.00	511.00,1379.00,64.00	21.00,9.00,3.00	63.64,27.27,9.09	0.58,0.26,0.11	33.00	33.00	9.09	kmeans_opt
53	2.00	1570.00,584.00	31.00,15.00	67.39,32.61	0.65,0.29	46.00	46.00	10.44	kmeans_opt
54	2.00	3518.00,690.00	23.00,12.00	65.71,34.29	0.75,0.31	36.00	35.00	11.65	kmeans_opt
55	2.00	199.00,986.00	30.00,17.00	63.83,36.17	0.51,0.31	47.00	47.00	7.92	kmeans_opt
56	3.00	732.00,470.00,95.00	26.00,8.00,3.00	70.27,21.62,8.11	1.21,0.37,0.08	37.00	37.00	9.43	kmeans_opt
57	3.00	1233.00,424.00,97.00	27.00,17.00,7.00	52.94,33.33,13.73	0.35,0.22,0.09	51.00	51.00	9.83	kmeans_opt
58	2.00	181.00,3508.00	31.00,15.00	67.39,32.61	0.31,0.18	46.00	46.00	7.75	kmeans_opt
59	3.00	471.00,781.00,106.00	13.00,12.00,4.00	44.83,41.38,13.79	0.58,0.51,0.11	29.00	29.00	9.06	kmeans_opt
60	3.00	633.00,288.00,71.00	20.00,12.00,5.00	54.05,32.43,13.51	0.43,0.27,0.08	37.00	37.00	9.02	kmeans_opt
61	3.00	2419.00,197.00,1082.00	33.00,16.00,3.00	63.46,30.77,5.77	0.59,0.30,0.05	52.00	52.00	11.04	kmeans_opt
62	3.00	801.00,2059.00,100.00	33.00,12.00,3.00	68.75,25.00,6.25	0.79,0.35,0.07	48.00	48.00	9.76	kmeans_opt
63	2.00	601.00,278.00	20.00,9.00	68.97,31.03	0.93,0.34	29.00	29.00	9.15	kmeans_opt
64	2.00	3306.00,346.00	23.00,11.00	67.65,32.35	0.71,0.34	34.00	34.00	11.49	kmeans_opt
65	3.00	787.00,217.00,52.00	29.00,18.00,3.00	58.00,36.00,6.00	0.43,0.27,0.05	50.00	50.00	9.36	kmeans_opt
66	2.00	149.00,2234.00	35.00,17.00	67.31,32.69	0.43,0.27	52.00	52.00	7.61	kmeans_opt
67	3.00	365.00,796.00,62.00	21.00,6.00,3.00	70.00,20.00,10.00	0.73,0.27,0.05	30.00	30.00	8.58	kmeans_opt
68	3.00	575.00,98.00,43.00	23.00,12.00,6.00	56.10,29.27,14.63	0.33,0.19,0.12	41.00	41.00	8.61	kmeans_opt
69	4.00	129.00,170.00,216.00,52.00	17.00,10.00,7.00,3.00	45.95,27.03,18.92,8.11	0.79,0.76,0.48,0.09	37.00	37.00	7.13	kmeans_opt
70	3.00	318.00,204.00,60.00	24.00,23.00,5.00	46.15,44.23,9.62	0.65,0.52,0.09	52.00	52.00	7.93	kmeans_opt
71	3.00	310.00,706.00,36.00	37.00,12.00,3.00	71.15,23.08,5.77	0.78,0.21,0.07	52.00	52.00	8.37	kmeans_opt
72	3.00	399.00,581.00,51.00	21.00,13.00,3.00	56.76,35.14,8.11	0.80,0.59,0.05	37.00	37.00	8.75	kmeans_opt
73	2.00	583.00,1223.00	29.00,17.00	63.04,36.96	0.68,0.29	46.00	46.00	9.35	kmeans_opt
74	4.00	280.00,2063.00,2742.00,70.00	21.00,13.00,10.00,1.00	46.67,28.89,22.22,2.22	0.22,0.23,0.23,0.02	45.00	45.00	10.66	kmeans_opt
75	3.00	1609.00,122.00,22.00	27.00,14.00,3.00	61.36,31.82,6.82	0.46,0.21,0.04	44.00	44.00	10.31	kmeans_opt
76	2.00	147.00,2056.00	36.00,15.00	70.59,29.41	0.68,0.34	51.00	51.00	7.38	kmeans_opt
77	3.00	235.00,718.00,59.00	32.00,16.00,7.00	58.18,29.09,12.73	0.62,0.26,0.12	55.00	55.00	7.95	kmeans_opt
78	2.00	873.00,232.00	26.00,13.00	66.67,33.33	0.76,0.24	39.00	39.00	9.57	kmeans_opt
79	3.00	210.00,3408.00,39.00	26.00,10.00,3.00	66.67,25.64,7.69	0.46,0.24,0.06	39.00	39.00	7.83	kmeans_opt
80	2.00	120.00,3156.00	26.00,10.00	72.22,27.78	0.57,0.30	36.00	36.00	7.07	kmeans_opt
81	3.00	401.00,810.00,74.00	13.00,12.00,4.00	44.83,41.38,13.79	0.44,0.38,0.11	29.00	29.00	8.84	kmeans_opt
82	3.00	538.00,346.00,69.00	28.00,16.00,3.00	59.57,34.04,6.38	0.78,0.50,0.04	47.00	47.00	8.79	kmeans_opt
83	2.00	1352.00,310.00	29.00,16.00	64.44,35.56	0.60,0.19	45.00	45.00	10.21	kmeans_opt
84	3.00	1127.00,791.00,117.00	25.00,15.00,5.00	55.56,33.33,11.11	0.75,0.58,0.14	45.00	45.00	9.91	kmeans_opt
85	2.00	274.00,1142.00	23.00,12.00	65.71,34.29	0.62,0.32	35.00	35.00	8.32	kmeans_opt
86	3.00	733.00,595.00,107.00	15.00,11.00,1.00	55.56,40.74,3.70	1.35,1.23,0.10	27.00	27.00	9.46	kmeans_opt
87	3.00	406.00,536.00,47.00	26.00,20.00,4.00	52.00,40.00,8.00	0.98,0.95,0.12	51.00	50.00	8.80	kmeans_opt
88	4.00	188.00,135.00,59.00,1369.00	25.00,16.00,4.00,1.00	54.35,34.78,8.70,2.17	0.83,0.64,0.04,0.04	46.00	46.00	7.40	kmeans_opt
89	3.00	379.00,2528.00,1649.00	17.00,8.00,5.00	56.67,26.67,16.67	0.42,0.29,0.23	30.00	30.00	8.91	kmeans_opt
90	2.00	1183.00,192.00	33.00,16.00	67.35,32.65	0.77,0.33	49.00	49.00	9.99	kmeans_opt
91	4.00	900.00,691.00,67.00,1880.00	21.00,11.00,2.00,1.00	60.00,31.43,5.71,2.86	1.21,0.73,0.14,0.07	35.00	35.00	9.72	kmeans_opt
92	2.00	775.00,134.00	28.00,11.00	71.79,28.21	1.07,0.26	39.00	39.00	9.46	kmeans_opt
93	3.00	766.00,595.00,84.00	23.00,15.00,5.00	53.49,34.88,11.63	0.93,0.72,0.17	43.00	43.00	9.44	kmeans_opt
94	2.00	565.00,321.00	28.00,18.00	60.87,39.13	0.79,0.52	46.00	46.00	8.94	kmeans_opt
95	3.00	1888.00,1077.00,155.00	31.00,19.00,2.00	59.62,36.54,3.85	0.79,0.40,0.05	52.00	52.00	10.70	kmeans_opt
96	3.00	1166.00,334.00,69.00	18.00,16.00,1.00	51.43,45.71,2.86	0.28,0.26,0.02	35.00	35.00	9.52	kmeans_opt
97	3.00	702.00,1055.00,95.00	25.00,19.00,5.00	51.02,38.78,10.20	0.73,0.62,0.14	49.00	49.00	9.58	kmeans_opt
98	2.00	2837.00,524.00	24.00,11.00	68.57,31.43	0.87,0.30	35.00	35.00	11.28	kmeans_opt
99	3.00	352.00,1189.00,54.00	29.00,12.00,4.00	64.44,26.67,8.89	0.76,0.37,0.11	45.00	45.00	8.53	kmeans_opt
100	3.00	251.00,2333.00,79.00	29.00,12.00,2.00	67.44,27.91,4.65	0.78,0.36,0.08	43.00	43.00	8.05	kmeans_opt
101	3.00	875.00,322.00,90.00	27.00,19.00,2.00	56.25,39.58,4.17	0.54,0.35,0.03	48.00	48.00	9.47	kmeans_opt
102	3.00	1959.00,197.00,547.00	22.00,17.00,3.00	52.38,40.48,7.14	0.35,0.23,0.06	42.00	42.00	10.55	kmeans_opt
103	2.00	151.00,1824.00	26.00,7.00	78.79,21.21	0.59,0.24	33.00	33.00	7.38	kmeans_opt
104	3.00	3506.00,1153.00,120.00	14.00,13.00,5.00	43.75,40.62,15.62	0.24,0.22,0.05	32.00	32.00	10.50	kmeans_opt
105	4.00	1022.00,88.00,242.00,2203.00	38.00,4.00,3.00,3.00	79.17,8.33,6.25,6.25	1.18,0.15,0.15,0.10	48.00	48.00	9.98	kmeans_opt
106	3.00	1623.00,967.00,108.00	24.00,14.00,5.00	55.81,32.56,11.63	0.63,0.39,0.07	43.00	43.00	10.40	kmeans_opt
107	2.00	325.00,2642.00	32.00,12.00	72.73,27.27	0.87,0.43	44.00	44.00	8.40	kmeans_opt
108	2.00	258.00,388.00	35.00,20.00	63.64,36.36	0.97,0.64	55.00	55.00	8.18	kmeans_opt
109	3.00	282.00,960.00,27.00	28.00,13.00,1.00	66.67,30.95,2.38	0.67,0.39,0.04	42.00	42.00	8.38	kmeans_opt
110	4.00	321.00,459.00,58.00,1487.00	21.00,16.00,5.00,3.00	46.67,35.56,11.11,6.67	0.71,0.62,0.06,0.10	45.00	45.00	8.49	kmeans_opt
111	2.00	213.00,5668.00	33.00,15.00	68.75,31.25	0.31,0.21	48.00	48.00	8.15	kmeans_opt
112	3.00	6290.00,367.00,1280.00	16.00,11.00,5.00	50.00,34.38,15.62	0.19,0.12,0.11	32.00	32.00	11.31	kmeans_opt
113	2.00	1608.00,535.00	31.00,18.00	63.27,36.73	0.52,0.26	49.00	49.00	10.49	kmeans_opt
114	2.00	1123.00,220.00	32.00,20.00	61.54,38.46	0.59,0.31	52.00	52.00	9.93	kmeans_opt
115	3.00	938.00,182.00,81.00	34.00,19.00,5.00	58.62,32.76,8.62	0.50,0.24,0.07	58.00	58.00	9.58	kmeans_opt
116	3.00	1730.00,838.00,80.00	26.00,22.00,8.00	46.43,39.29,14.29	0.36,0.29,0.08	56.00	56.00	9.94	kmeans_opt
117	3.00	1840.00,953.00,146.00	23.00,12.00,7.00	54.76,28.57,16.67	0.58,0.27,0.17	42.00	42.00	10.48	kmeans_opt
118	3.00	521.00,263.00,42.00	26.00,17.00,7.00	52.00,34.00,14.00	0.44,0.32,0.08	50.00	50.00	8.56	kmeans_opt
119	3.00	513.00,967.00,173.00	18.00,12.00,9.00	46.15,30.77,23.08	0.39,0.30,0.14	39.00	39.00	9.02	kmeans_opt
120	3.00	778.00,281.00,77.00	31.00,10.00,7.00	64.58,20.83,14.58	0.49,0.17,0.11	48.00	48.00	9.35	kmeans_opt
121	2.00	923.00,179.00	31.00,10.00	75.61,24.39	0.31,0.15	41.00	41.00	9.63	kmeans_opt
122	2.00	686.00,134.00	23.00,13.00	63.89,36.11	0.55,0.28	36.00	36.00	9.18	kmeans_opt
123	3.00	242.00,708.00,55.00	26.00,7.00,3.00	72.22,19.44,8.33	0.55,0.18,0.07	36.00	36.00	8.01	kmeans_opt
124	4.00	416.00,642.00,1663.00,64.00	17.00,17.00,4.00,3.00	41.46,41.46,9.76,7.32	0.54,0.59,0.12,0.10	41.00	41.00	9.07	kmeans_opt
125	3.00	3833.00,1693.00,192.00	26.00,12.00,2.00	65.00,30.00,5.00	0.80,0.27,0.04	40.00	40.00	11.69	kmeans_opt
126	2.00	3368.00,388.00	36.00,12.00	75.00,25.00	0.94,0.26	48.00	48.00	11.63	kmeans_opt
127	3.00	208.00,72.00,943.00	24.00,11.00,5.00	60.00,27.50,12.50	0.54,0.20,0.11	40.00	40.00	7.58	kmeans_opt
128	2.00	1648.00,93.00	40.00,4.00	90.91,9.09	0.44,0.03	44.00	44.00	10.60	kmeans_opt
129	2.00	935.00,2228.00	29.00,18.00	61.70,38.30	0.52,0.37	47.00	47.00	10.17	kmeans_opt
130	4.00	432.00,632.00,2023.00,52.00	19.00,19.00,4.00,3.00	42.22,42.22,8.89,6.67	0.66,0.57,0.11,0.05	45.00	45.00	9.01	kmeans_opt
131	3.00	1227.00,415.00,112.00	31.00,20.00,10.00	50.82,32.79,16.39	0.32,0.24,0.09	61.00	61.00	9.55	kmeans_opt
132	2.00	867.00,2643.00	28.00,15.00	65.12,34.88	0.52,0.28	43.00	43.00	9.97	kmeans_opt
133	2.00	1432.00,129.00	39.00,2.00	95.12,4.88	0.64,0.04	41.00	41.00	10.45	kmeans_opt
134	4.00	2143.00,2776.00,125.00,656.00	22.00,9.00,3.00,2.00	61.11,25.00,8.33,5.56	1.09,0.68,0.13,0.08	36.00	36.00	11.11	kmeans_opt
135	2.00	173.00,742.00	25.00,20.00	55.56,44.44	0.30,0.23	45.00	45.00	7.84	kmeans_opt
136	3.00	2633.00,762.00,153.00	20.00,12.00,8.00	50.00,30.00,20.00	0.27,0.17,0.09	40.00	40.00	10.45	kmeans_opt
137	3.00	1657.00,2955.00,244.00	25.00,14.00,3.00	59.52,33.33,7.14	0.58,0.42,0.05	42.00	42.00	10.87	kmeans_opt
138	3.00	792.00,1564.00,77.00	30.00,7.00,7.00	68.18,15.91,15.91	0.97,0.20,0.11	44.00	44.00	9.63	kmeans_opt
139	3.00	737.00,464.00,2148.00	23.00,11.00,10.00	52.27,25.00,22.73	0.55,0.32,0.22	44.00	44.00	9.52	kmeans_opt
140	2.00	658.00,268.00	26.00,22.00	54.17,45.83	0.37,0.33	48.00	48.00	8.59	kmeans_opt
141	2.00	80.00,704.00	30.00,18.00	62.50,37.50	0.31,0.20	48.00	48.00	6.81	kmeans_opt
142	2.00	357.00,1609.00	38.00,27.00	58.46,41.54	0.21,0.17	65.00	65.00	8.75	kmeans_opt
143	3.00	2494.00,634.00,483.00	22.00,16.00,10.00	45.83,33.33,20.83	0.29,0.31,0.29	48.00	48.00	9.58	kmeans_opt
144	2.00	297.00,874.00	30.00,20.00	60.00,40.00	0.24,0.22	50.00	50.00	8.51	kmeans_opt
145	4.00	644.00,957.00,469.00,91.00	23.00,17.00,13.00,10.00	36.51,26.98,20.63,15.87	0.61,0.41,0.44,0.09	63.00	63.00	9.27	kmeans_opt
146	3.00	95.00,2924.00,2358.00	11.00,8.00,7.00	42.31,30.77,26.92	0.24,0.41,0.39	26.00	26.00	11.14	kmeans_opt
147	2.00	738.00,1123.00	30.00,11.00	73.17,26.83	1.11,0.29	41.00	41.00	9.60	kmeans_opt
148	2.00	126.00,3595.00	24.00,14.00	63.16,36.84	0.43,0.20	38.00	38.00	7.08	kmeans_opt
149	2.00	237.00,1441.00	39.00,19.00	67.24,32.76	0.45,0.26	58.00	58.00	8.09	kmeans_opt
150	2.00	1763.00,478.00	21.00,9.00	70.00,30.00	0.62,0.21	30.00	30.00	10.61	kmeans_opt
151	3.00	1493.00,520.00,88.00	16.00,5.00,4.00	64.00,20.00,16.00	0.56,0.10,0.14	25.00	25.00	10.39	kmeans_opt
152	2.00	1596.00,195.00	35.00,20.00	63.64,36.36	0.54,0.24	55.00	55.00	10.40	kmeans_opt
153	2.00	961.00,2170.00	10.00,4.00	71.43,28.57	0.74,0.38	14.00	14.00	10.06	kmeans_opt
154	3.00	1139.00,613.00,73.00	12.00,6.00,2.00	60.00,30.00,10.00	0.51,0.34,0.06	20.00	20.00	9.80	kmeans_opt
155	2.00	200.00,1153.00	21.00,8.00	72.41,27.59	1.15,0.55	29.00	29.00	7.70	kmeans_opt
156	3.00	917.00,90.00,3715.00	53.00,6.00,1.00	88.33,10.00,1.67	1.45,0.11,0.06	60.00	60.00	9.84	kmeans_opt
157	2.00	3332.00,143.00	32.00,14.00	69.57,30.43	1.06,0.31	46.00	46.00	11.61	kmeans_opt
158	3.00	744.00,973.00,119.00	24.00,12.00,4.00	60.00,30.00,10.00	1.29,0.68,0.07	40.00	40.00	9.58	kmeans_opt
159	3.00	451.00,4759.00,48.00	30.00,8.00,3.00	73.17,19.51,7.32	0.93,0.28,0.07	41.00	41.00	8.87	kmeans_opt
160	3.00	992.00,1740.00,242.00	16.00,15.00,3.00	47.06,44.12,8.82	0.50,0.51,0.07	34.00	34.00	10.22	kmeans_opt
161	2.00	912.00,244.00	32.00,29.00	52.46,47.54	0.31,0.25	61.00	61.00	9.35	kmeans_opt
162	3.00	647.00,314.00,55.00	28.00,18.00,7.00	52.83,33.96,13.21	0.45,0.30,0.10	53.00	53.00	8.96	kmeans_opt
163	3.00	642.00,465.00,83.00	20.00,18.00,5.00	46.51,41.86,11.63	0.78,0.66,0.15	43.00	43.00	9.04	kmeans_opt
164	3.00	3591.00,2741.00,566.00	13.00,9.00,3.00	52.00,36.00,12.00	1.03,0.79,0.13	25.00	25.00	11.67	kmeans_opt
165	3.00	246.00,1274.00,55.00	29.00,9.00,2.00	72.50,22.50,5.00	0.65,0.25,0.07	40.00	40.00	8.04	kmeans_opt
166	3.00	613.00,75.00,27.00	26.00,4.00,1.00	83.87,12.90,3.23	0.87,0.08,0.06	31.00	31.00	9.15	kmeans_opt
167	2.00	1630.00,327.00	23.00,16.00	58.97,41.03	0.50,0.24	39.00	39.00	10.37	kmeans_opt
168	3.00	337.00,575.00,63.00	15.00,13.00,4.00	46.88,40.62,12.50	0.48,0.49,0.13	32.00	32.00	8.67	kmeans_opt
169	3.00	3650.00,632.00,415.00	24.00,16.00,5.00	53.33,35.56,11.11	0.33,0.29,0.21	45.00	45.00	11.28	kmeans_opt
170	4.00	965.00,1878.00,101.00,441.00	22.00,16.00,4.00,4.00	47.83,34.78,8.70,8.70	0.45,0.37,0.02,0.10	46.00	46.00	10.07	kmeans_opt
171	3.00	981.00,129.00,74.00	13.00,10.00,4.00	48.15,37.04,14.81	0.17,0.18,0.16	27.00	27.00	7.42	kmeans_opt
172	3.00	776.00,541.00,74.00	27.00,21.00,3.00	52.94,41.18,5.88	0.89,0.68,0.04	51.00	51.00	9.42	kmeans_opt
173	3.00	566.00,764.00,71.00	25.00,12.00,7.00	56.82,27.27,15.91	1.25,0.61,0.27	44.00	44.00	9.19	kmeans_opt
174	2.00	1935.00,159.00	21.00,14.00	60.00,40.00	0.58,0.21	35.00	35.00	10.68	kmeans_opt
175	3.00	1282.00,590.00,41.00	18.00,10.00,1.00	62.07,34.48,3.45	0.68,0.46,0.05	29.00	29.00	10.11	kmeans_opt
176	2.00	748.00,154.00	36.00,3.00	92.31,7.69	0.71,0.05	39.00	39.00	9.52	kmeans_opt
177	2.00	772.00,99.00	39.00,12.00	76.47,23.53	0.83,0.12	51.00	51.00	9.42	kmeans_opt
178	3.00	631.00,86.00,1864.00	36.00,10.00,5.00	70.59,19.61,9.80	0.76,0.20,0.13	52.00	51.00	9.26	kmeans_opt
179	2.00	768.00,92.00	38.00,24.00	61.29,38.71	0.45,0.22	62.00	62.00	9.16	kmeans_opt
180	2.00	1749.00,165.00	34.00,26.00	56.67,43.33	0.29,0.15	61.00	60.00	10.18	kmeans_opt
181	2.00	185.00,1633.00	28.00,11.00	71.79,28.21	0.53,0.30	39.00	39.00	7.75	kmeans_opt
182	2.00	187.00,2030.00	35.00,18.00	66.04,33.96	0.26,0.16	53.00	53.00	7.92	kmeans_opt
183	3.00	1419.00,827.00,117.00	29.00,21.00,9.00	49.15,35.59,15.25	0.49,0.40,0.11	59.00	59.00	9.97	kmeans_opt
184	2.00	341.00,1882.00	31.00,12.00	72.09,27.91	0.25,0.14	43.00	43.00	8.69	kmeans_opt
185	4.00	269.00,166.00,52.00,752.00	29.00,16.00,4.00,2.00	56.86,31.37,7.84,3.92	0.75,0.46,0.04,0.01	51.00	51.00	7.83	kmeans_opt
186	2.00	562.00,292.00	21.00,20.00	51.22,48.78	0.39,0.44	41.00	41.00	8.68	kmeans_opt
187	3.00	366.00,516.00,58.00	23.00,22.00,2.00	48.94,46.81,4.26	0.83,0.76,0.04	47.00	47.00	8.68	kmeans_opt
188	3.00	163.00,327.00,1448.00	16.00,13.00,8.00	43.24,35.14,21.62	0.33,0.28,0.17	37.00	37.00	7.97	kmeans_opt
189	2.00	503.00,172.00	29.00,17.00	63.04,36.96	0.30,0.19	46.00	46.00	8.47	kmeans_opt
190	2.00	194.00,404.00	42.00,16.00	72.41,27.59	0.72,0.28	58.00	58.00	7.75	kmeans_opt
191	3.00	635.00,1017.00,170.00	28.00,17.00,11.00	50.00,30.36,19.64	0.55,0.37,0.11	56.00	56.00	9.36	kmeans_opt
192	2.00	441.00,2105.00	25.00,15.00	62.50,37.50	0.49,0.32	40.00	40.00	9.12	kmeans_opt
193	3.00	526.00,178.00,104.00	24.00,7.00,6.00	64.86,18.92,16.22	0.58,0.14,0.16	37.00	37.00	8.82	kmeans_opt
194	2.00	210.00,953.00	34.00,13.00	72.34,27.66	0.49,0.18	47.00	47.00	7.79	kmeans_opt
195	2.00	254.00,1722.00	27.00,15.00	64.29,35.71	0.28,0.18	42.00	42.00	8.26	kmeans_opt
196	2.00	2305.00,344.00	31.00,14.00	68.89,31.11	0.52,0.17	45.00	45.00	10.92	kmeans_opt
197	4.00	1211.00,179.00,253.00,59.00	25.00,10.00,5.00,5.00	55.56,22.22,11.11,11.11	0.34,0.18,0.16,0.07	45.00	45.00	9.75	kmeans_opt
198	2.00	1034.00,137.00	25.00,10.00	71.43,28.57	0.90,0.17	35.00	35.00	9.95	kmeans_opt
199	2.00	168.00,755.00	37.00,30.00	55.22,44.78	0.23,0.21	67.00	67.00	8.14	kmeans_opt
200	2.00	651.00,160.00	34.00,16.00	68.00,32.00	0.32,0.17	50.00	50.00	8.79	kmeans_opt
201	2.00	438.00,80.00	49.00,8.00	85.96,14.04	0.43,0.09	57.00	57.00	8.52	kmeans_opt
202	4.00	566.00,355.00,72.00,1651.00	35.00,13.00,5.00,1.00	64.81,24.07,9.26,1.85	1.15,0.39,0.10,0.05	54.00	54.00	9.02	kmeans_opt
203	3.00	744.00,1507.00,174.00	29.00,9.00,7.00	64.44,20.00,15.56	0.64,0.26,0.07	45.00	45.00	9.55	kmeans_opt
204	3.00	2092.00,770.00,218.00	31.00,18.00,9.00	53.45,31.03,15.52	0.38,0.24,0.09	58.00	58.00	10.45	kmeans_opt
205	2.00	433.00,159.00	44.00,22.00	66.67,33.33	0.44,0.24	66.00	66.00	8.45	kmeans_opt
206	3.00	933.00,243.00,92.00	29.00,17.00,5.00	56.86,33.33,9.80	0.31,0.20,0.08	51.00	51.00	9.32	kmeans_opt
207	3.00	1365.00,213.00,73.00	24.00,18.00,6.00	50.00,37.50,12.50	0.21,0.16,0.09	48.00	48.00	9.45	kmeans_opt
208	3.00	1401.00,482.00,201.00	27.00,24.00,5.00	48.21,42.86,8.93	0.30,0.28,0.09	56.00	56.00	9.38	kmeans_opt
209	2.00	861.00,153.00	32.00,17.00	65.31,34.69	0.28,0.13	49.00	49.00	8.82	kmeans_opt
210	3.00	443.00,1013.00,87.00	30.00,28.00,7.00	46.15,43.08,10.77	0.40,0.37,0.05	65.00	65.00	9.07	kmeans_opt
211	3.00	158.00,106.00,3108.00	19.00,14.00,8.00	46.34,34.15,19.51	0.67,0.55,0.26	41.00	41.00	7.19	kmeans_opt
212	3.00	1142.00,537.00,82.00	18.00,15.00,5.00	47.37,39.47,13.16	0.38,0.35,0.10	39.00	38.00	9.50	kmeans_opt
213	3.00	1331.00,184.00,98.00	25.00,13.00,3.00	60.98,31.71,7.32	0.48,0.26,0.10	41.00	41.00	10.07	kmeans_opt
214	3.00	555.00,444.00,95.00	21.00,13.00,5.00	53.85,33.33,12.82	1.39,0.82,0.19	39.00	39.00	9.03	kmeans_opt
215	3.00	835.00,658.00,93.00	36.00,20.00,2.00	62.07,34.48,3.45	1.47,0.96,0.12	58.00	58.00	9.59	kmeans_opt
216	3.00	336.00,576.00,56.00	22.00,13.00,4.00	56.41,33.33,10.26	0.60,0.46,0.09	39.00	39.00	8.65	kmeans_opt
217	2.00	975.00,164.00	29.00,13.00	69.05,30.95	0.52,0.24	42.00	42.00	9.70	kmeans_opt
218	3.00	1312.00,827.00,113.00	30.00,19.00,6.00	54.55,34.55,10.91	0.72,0.41,0.12	55.00	55.00	10.12	kmeans_opt
219	3.00	622.00,333.00,58.00	31.00,18.00,4.00	58.49,33.96,7.55	0.73,0.39,0.09	53.00	53.00	9.03	kmeans_opt
220	2.00	380.00,1255.00	34.00,16.00	68.00,32.00	0.64,0.23	50.00	50.00	8.71	kmeans_opt
221	3.00	1520.00,666.00,122.00	29.00,20.00,5.00	53.70,37.04,9.26	0.42,0.34,0.08	54.00	54.00	10.17	kmeans_opt
222	3.00	1842.00,292.00,55.00	20.00,13.00,7.00	50.00,32.50,17.50	0.19,0.14,0.07	40.00	40.00	9.65	kmeans_opt
223	2.00	463.00,113.00	32.00,15.00	68.09,31.91	0.67,0.18	47.00	47.00	8.70	kmeans_opt
224	3.00	693.00,371.00,109.00	30.00,15.00,5.00	60.00,30.00,10.00	0.64,0.31,0.08	50.00	50.00	9.18	kmeans_opt
225	2.00	210.00,946.00	30.00,18.00	62.50,37.50	0.41,0.27	48.00	48.00	7.87	kmeans_opt
226	3.00	180.00,282.00,37.00	28.00,18.00,2.00	58.33,37.50,4.17	0.63,0.53,0.05	48.00	48.00	7.68	kmeans_opt
227	3.00	584.00,471.00,62.00	17.00,17.00,6.00	42.50,42.50,15.00	0.90,0.93,0.22	40.00	40.00	8.95	kmeans_opt
228	3.00	622.00,979.00,98.00	17.00,13.00,3.00	51.52,39.39,9.09	0.66,0.54,0.09	33.00	33.00	9.46	kmeans_opt
229	3.00	937.00,627.00,82.00	25.00,22.00,4.00	49.02,43.14,7.84	0.60,0.57,0.09	51.00	51.00	9.51	kmeans_opt
230	3.00	769.00,451.00,82.00	29.00,27.00,7.00	46.03,42.86,11.11	0.47,0.47,0.11	63.00	63.00	9.15	kmeans_opt
231	2.00	574.00,174.00	44.00,21.00	67.69,32.31	0.57,0.28	65.00	65.00	8.89	kmeans_opt
232	3.00	1574.00,1077.00,89.00	30.00,20.00,10.00	50.00,33.33,16.67	0.57,0.53,0.14	60.00	60.00	10.24	kmeans_opt
233	3.00	1495.00,466.00,268.00	14.00,11.00,4.00	48.28,37.93,13.79	0.25,0.26,0.19	29.00	29.00	9.20	kmeans_opt
234	3.00	951.00,171.00,71.00	22.00,15.00,6.00	51.16,34.88,13.95	0.23,0.19,0.11	43.00	43.00	9.28	kmeans_opt
235	3.00	1565.00,1343.00,136.00	31.00,16.00,8.00	56.36,29.09,14.55	1.62,1.20,0.21	55.00	55.00	10.53	kmeans_opt
236	3.00	169.00,1039.00,51.00	31.00,12.00,4.00	65.96,25.53,8.51	0.54,0.22,0.06	47.00	47.00	7.62	kmeans_opt
237	3.00	344.00,227.00,69.00	33.00,16.00,7.00	58.93,28.57,12.50	0.85,0.42,0.07	56.00	56.00	8.22	kmeans_opt
238	3.00	1180.00,404.00,152.00	19.00,17.00,5.00	46.34,41.46,12.20	0.25,0.24,0.09	41.00	41.00	8.91	kmeans_opt
239	3.00	367.00,273.00,67.00	24.00,14.00,3.00	58.54,34.15,7.32	1.09,0.61,0.07	41.00	41.00	8.42	kmeans_opt
240	3.00	594.00,372.00,71.00	34.00,17.00,5.00	60.71,30.36,8.93	0.74,0.45,0.11	56.00	56.00	8.99	kmeans_opt
241	3.00	754.00,1520.00,96.00	25.00,10.00,5.00	62.50,25.00,12.50	0.75,0.29,0.10	40.00	40.00	9.61	kmeans_opt
242	4.00	362.00,521.00,59.00,1062.00	22.00,21.00,6.00,1.00	44.00,42.00,12.00,2.00	0.65,0.72,0.12,0.04	50.00	50.00	8.72	kmeans_opt
243	2.00	1026.00,291.00	30.00,18.00	62.50,37.50	0.64,0.28	48.00	48.00	9.82	kmeans_opt
244	3.00	294.00,626.00,71.00	24.00,18.00,3.00	53.33,40.00,6.67	0.49,0.33,0.05	45.00	45.00	8.46	kmeans_opt
245	3.00	793.00,2843.00,70.00	29.00,13.00,2.00	65.91,29.55,4.55	0.58,0.32,0.03	44.00	44.00	9.79	kmeans_opt
246	2.00	410.00,1541.00	26.00,17.00	60.47,39.53	0.33,0.22	43.00	43.00	9.01	kmeans_opt
247	3.00	185.00,605.00,66.00	37.00,15.00,5.00	64.91,26.32,8.77	0.66,0.29,0.10	57.00	57.00	7.65	kmeans_opt
248	4.00	619.00,114.00,72.00,372.00	15.00,9.00,9.00,4.00	40.54,24.32,24.32,10.81	0.19,0.18,0.17,0.19	37.00	37.00	7.83	kmeans_opt
249	2.00	159.00,843.00	25.00,20.00	55.56,44.44	0.21,0.20	45.00	45.00	7.79	kmeans_opt
250	2.00	1777.00,316.00	30.00,12.00	71.43,28.57	0.70,0.10	42.00	42.00	10.58	kmeans_opt
251	3.00	1576.00,612.00,183.00	28.00,11.00,6.00	62.22,24.44,13.33	0.63,0.25,0.12	45.00	45.00	10.38	kmeans_opt
252	3.00	1373.00,691.00,108.00	37.00,12.00,8.00	64.91,21.05,14.04	0.59,0.21,0.12	57.00	57.00	10.25	kmeans_opt
253	2.00	1052.00,94.00	24.00,16.00	60.00,40.00	0.35,0.22	40.00	40.00	9.63	kmeans_opt
254	3.00	609.00,316.00,86.00	23.00,20.00,3.00	50.00,43.48,6.52	0.48,0.43,0.06	46.00	46.00	8.76	kmeans_opt
255	2.00	586.00,269.00	24.00,18.00	57.14,42.86	0.42,0.36	42.00	42.00	8.64	kmeans_opt
256	2.00	898.00,185.00	21.00,17.00	55.26,44.74	0.32,0.20	38.00	38.00	9.31	kmeans_opt
257	3.00	98.00,423.00,811.00	30.00,19.00,13.00	48.39,30.65,20.97	0.21,0.21,0.16	62.00	62.00	7.80	kmeans_opt
258	4.00	855.00,195.00,131.00,41.00	20.00,11.00,10.00,2.00	46.51,25.58,23.26,4.65	0.20,0.21,0.19,0.04	43.00	43.00	7.98	kmeans_opt
259	3.00	1135.00,1435.00,138.00	22.00,13.00,5.00	55.00,32.50,12.50	1.14,0.84,0.13	40.00	40.00	10.23	kmeans_opt
260	3.00	502.00,720.00,77.00	21.00,21.00,6.00	43.75,43.75,12.50	0.79,0.68,0.17	48.00	48.00	9.09	kmeans_opt
261	2.00	149.00,441.00	37.00,19.00	66.07,33.93	0.42,0.21	56.00	56.00	7.47	kmeans_opt
262	3.00	979.00,718.00,104.00	20.00,18.00,5.00	46.51,41.86,11.63	0.81,0.76,0.18	43.00	43.00	9.64	kmeans_opt
263	3.00	1628.00,1008.00,122.00	23.00,6.00,5.00	67.65,17.65,14.71	1.01,0.17,0.16	34.00	34.00	10.53	kmeans_opt
264	2.00	109.00,1676.00	33.00,17.00	66.00,34.00	0.49,0.30	50.00	50.00	6.99	kmeans_opt
265	2.00	162.00,1420.00	42.00,18.00	70.00,30.00	0.42,0.22	60.00	60.00	7.58	kmeans_opt
266	3.00	1354.00,873.00,94.00	22.00,12.00,8.00	52.38,28.57,19.05	0.76,0.40,0.19	42.00	42.00	10.12	kmeans_opt
267	2.00	1499.00,406.00	31.00,25.00	55.36,44.64	0.25,0.19	56.00	56.00	9.57	kmeans_opt
268	2.00	176.00,762.00	32.00,17.00	65.31,34.69	0.44,0.27	50.00	49.00	7.74	kmeans_opt
269	3.00	305.00,1588.00,60.00	31.00,15.00,2.00	64.58,31.25,4.17	0.49,0.30,0.01	48.00	48.00	8.52	kmeans_opt
270	2.00	101.00,1969.00	31.00,12.00	72.09,27.91	0.40,0.19	43.00	43.00	6.98	kmeans_opt
271	3.00	154.00,929.00,31.00	31.00,14.00,4.00	63.27,28.57,8.16	0.55,0.26,0.08	49.00	49.00	7.39	kmeans_opt
272	3.00	1404.00,761.00,144.00	28.00,13.00,8.00	57.14,26.53,16.33	0.52,0.31,0.08	49.00	49.00	10.07	kmeans_opt
273	3.00	1195.00,656.00,116.00	20.00,14.00,7.00	48.78,34.15,17.07	0.47,0.33,0.11	41.00	41.00	9.79	kmeans_opt
274	2.00	1999.00,537.00	20.00,11.00	64.52,35.48	0.45,0.22	31.00	31.00	10.59	kmeans_opt
275	3.00	251.00,433.00,62.00	29.00,21.00,4.00	53.70,38.89,7.41	0.59,0.44,0.03	54.00	54.00	8.16	kmeans_opt
276	3.00	731.00,1253.00,93.00	14.00,12.00,3.00	48.28,41.38,10.34	0.47,0.39,0.10	29.00	29.00	9.73	kmeans_opt
277	3.00	838.00,1149.00,75.00	23.00,16.00,4.00	53.49,37.21,9.30	1.08,0.69,0.11	43.00	43.00	9.77	kmeans_opt
278	3.00	1168.00,758.00,53.00	26.00,19.00,4.00	53.06,38.78,8.16	0.74,0.54,0.09	49.00	49.00	9.96	kmeans_opt
279	4.00	305.00,208.00,843.00,55.00	19.00,14.00,6.00,3.00	45.24,33.33,14.29,7.14	0.60,0.50,0.14,0.07	42.00	42.00	8.08	kmeans_opt
280	3.00	202.00,1521.00,72.00	23.00,6.00,5.00	67.65,17.65,14.71	0.56,0.22,0.08	34.00	34.00	7.71	kmeans_opt
281	3.00	702.00,368.00,57.00	25.00,10.00,5.00	62.50,25.00,12.50	0.60,0.26,0.10	40.00	40.00	9.22	kmeans_opt
282	2.00	1188.00,218.00	25.00,14.00	64.10,35.90	0.53,0.23	39.00	39.00	9.91	kmeans_opt
283	2.00	271.00,1826.00	53.00,26.00	67.09,32.91	0.34,0.16	79.00	79.00	8.38	kmeans_opt
284	2.00	128.00,627.00	28.00,18.00	60.87,39.13	0.31,0.23	46.00	46.00	7.46	kmeans_opt
285	3.00	1715.00,988.00,131.00	32.00,14.00,5.00	62.75,27.45,9.80	0.70,0.37,0.08	51.00	51.00	10.48	kmeans_opt
286	2.00	875.00,240.00	31.00,17.00	64.58,35.42	0.55,0.22	48.00	48.00	9.45	kmeans_opt
287	2.00	436.00,1525.00	30.00,16.00	65.22,34.78	0.33,0.23	46.00	46.00	9.12	kmeans_opt
288	2.00	131.00,705.00	30.00,10.00	75.00,25.00	0.62,0.29	40.00	40.00	7.20	kmeans_opt
289	2.00	128.00,529.00	39.00,14.00	73.58,26.42	0.44,0.18	53.00	53.00	7.16	kmeans_opt
290	2.00	1186.00,172.00	32.00,22.00	59.26,40.74	0.48,0.34	54.00	54.00	9.97	kmeans_opt
291	3.00	752.00,1336.00,98.00	17.00,13.00,7.00	45.95,35.14,18.92	0.41,0.38,0.13	37.00	37.00	9.70	kmeans_opt
292	4.00	379.00,2282.00,1942.00,64.00	14.00,11.00,9.00,1.00	40.00,31.43,25.71,2.86	0.40,0.58,0.55,0.03	35.00	35.00	10.86	kmeans_opt
293	4.00	280.00,397.00,95.00,1036.00	29.00,20.00,3.00,1.00	54.72,37.74,5.66,1.89	0.90,0.73,0.05,0.04	53.00	53.00	8.27	kmeans_opt
294	2.00	367.00,160.00	32.00,18.00	64.00,36.00	0.68,0.30	50.00	50.00	8.37	kmeans_opt
295	3.00	620.00,841.00,148.00	25.00,15.00,2.00	59.52,35.71,4.76	1.26,0.67,0.00	42.00	42.00	9.32	kmeans_opt
296	2.00	142.00,756.00	23.00,14.00	62.16,37.84	0.18,0.16	37.00	37.00	7.70	kmeans_opt
297	3.00	406.00,280.00,53.00	25.00,20.00,3.00	52.08,41.67,6.25	0.86,0.72,0.06	48.00	48.00	8.42	kmeans_opt
298	3.00	332.00,56.00,1042.00	54.00,7.00,2.00	85.71,11.11,3.17	1.01,0.09,0.01	63.00	63.00	8.36	kmeans_opt
299	2.00	1948.00,168.00	45.00,23.00	66.18,33.82	0.65,0.31	68.00	68.00	10.71	kmeans_opt
300	3.00	1182.00,619.00,115.00	29.00,17.00,5.00	56.86,33.33,9.80	0.63,0.35,0.09	51.00	51.00	10.00	kmeans_opt
301	2.00	220.00,1098.00	25.00,3.00	89.29,10.71	0.53,0.11	28.00	28.00	7.88	kmeans_opt
302	3.00	706.00,262.00,94.00	26.00,16.00,6.00	54.17,33.33,12.50	0.37,0.25,0.08	48.00	48.00	8.98	kmeans_opt
303	2.00	350.00,103.00	31.00,17.00	64.58,35.42	0.43,0.21	48.00	48.00	8.04	kmeans_opt
304	3.00	718.00,427.00,77.00	25.00,14.00,1.00	62.50,35.00,2.50	0.81,0.40,0.04	40.00	40.00	9.35	kmeans_opt
305	2.00	1183.00,413.00	17.00,12.00	58.62,41.38	0.57,0.26	29.00	29.00	10.05	kmeans_opt
306	3.00	894.00,1073.00,79.00	19.00,15.00,4.00	50.00,39.47,10.53	1.32,1.02,0.07	38.00	38.00	9.83	kmeans_opt
307	3.00	675.00,919.00,113.00	22.00,20.00,6.00	45.83,41.67,12.50	0.92,0.79,0.08	48.00	48.00	9.47	kmeans_opt
308	4.00	474.00,556.00,708.00,69.00	19.00,14.00,8.00,4.00	42.22,31.11,17.78,8.89	1.18,1.16,0.51,0.08	45.00	45.00	8.98	kmeans_opt
309	3.00	2466.00,307.00,57.00	19.00,11.00,3.00	57.58,33.33,9.09	0.42,0.26,0.07	33.00	33.00	10.93	kmeans_opt
310	4.00	246.00,167.00,71.00,851.00	14.00,12.00,3.00,2.00	45.16,38.71,9.68,6.45	0.71,0.72,0.15,0.02	31.00	31.00	7.69	kmeans_opt
311	3.00	939.00,639.00,99.00	27.00,15.00,5.00	57.45,31.91,10.64	0.95,0.53,0.07	47.00	47.00	9.65	kmeans_opt
312	2.00	604.00,165.00	30.00,13.00	69.77,30.23	0.63,0.14	44.00	43.00	8.96	kmeans_opt
313	2.00	517.00,865.00	26.00,14.00	65.00,35.00	0.56,0.45	40.00	40.00	9.30	kmeans_opt
314	2.00	1315.00,170.00	40.00,2.00	95.24,4.76	0.56,0.04	42.00	42.00	10.31	kmeans_opt
315	3.00	1325.00,877.00,102.00	26.00,19.00,6.00	50.98,37.25,11.76	0.70,0.59,0.14	51.00	51.00	10.08	kmeans_opt
316	3.00	660.00,432.00,61.00	21.00,18.00,2.00	51.22,43.90,4.88	0.75,0.70,0.09	41.00	41.00	9.05	kmeans_opt
317	3.00	625.00,330.00,73.00	27.00,14.00,6.00	57.45,29.79,12.77	0.55,0.27,0.13	47.00	47.00	9.12	kmeans_opt
318	2.00	545.00,68.00	43.00,5.00	89.58,10.42	0.38,0.05	48.00	48.00	9.02	kmeans_opt
319	3.00	771.00,235.00,99.00	29.00,23.00,6.00	50.00,39.66,10.34	0.31,0.28,0.10	58.00	58.00	8.60	kmeans_opt
320	3.00	334.00,75.00,1085.00	21.00,7.00,6.00	61.76,20.59,17.65	0.75,0.23,0.23	34.00	34.00	8.38	kmeans_opt
321	3.00	649.00,1942.00,60.00	24.00,9.00,2.00	68.57,25.71,5.71	0.55,0.21,0.06	35.00	35.00	9.48	kmeans_opt
322	3.00	708.00,469.00,84.00	21.00,13.00,2.00	58.33,36.11,5.56	0.80,0.55,0.08	36.00	36.00	9.33	kmeans_opt
323	2.00	634.00,66.00	32.00,3.00	91.43,8.57	0.40,0.07	35.00	35.00	8.84	kmeans_opt
324	3.00	1897.00,543.00,339.00	15.00,13.00,3.00	48.39,41.94,9.68	0.26,0.25,0.18	31.00	31.00	9.77	kmeans_opt
325	3.00	678.00,1299.00,91.00	20.00,15.00,5.00	50.00,37.50,12.50	0.46,0.34,0.09	40.00	40.00	9.54	kmeans_opt
326	2.00	1786.00,140.00	21.00,13.00	61.76,38.24	0.69,0.23	34.00	34.00	10.61	kmeans_opt
327	2.00	313.00,2020.00	20.00,15.00	57.14,42.86	0.16,0.14	35.00	35.00	8.62	kmeans_opt
328	3.00	902.00,2543.00,99.00	35.00,13.00,3.00	68.63,25.49,5.88	0.78,0.33,0.09	51.00	51.00	9.91	kmeans_opt
329	3.00	675.00,416.00,88.00	27.00,20.00,4.00	52.94,39.22,7.84	0.69,0.58,0.08	51.00	51.00	9.10	kmeans_opt
330	2.00	103.00,1313.00	30.00,18.00	62.50,37.50	0.44,0.30	48.00	48.00	6.93	kmeans_opt
331	4.00	519.00,681.00,412.00,57.00	18.00,11.00,6.00,4.00	46.15,28.21,15.38,10.26	0.95,0.68,0.51,0.01	39.00	39.00	9.03	kmeans_opt
332	4.00	1610.00,2782.00,90.00,495.00	20.00,17.00,3.00,1.00	48.78,41.46,7.32,2.44	0.51,0.48,0.05,0.03	41.00	41.00	10.80	kmeans_opt
333	2.00	912.00,547.00	17.00,12.00	58.62,41.38	0.60,0.56	29.00	29.00	9.42	kmeans_opt
334	3.00	818.00,136.00,99.00	16.00,12.00,7.00	45.71,34.29,20.00	0.29,0.33,0.30	35.00	35.00	7.33	kmeans_opt
335	3.00	546.00,339.00,48.00	19.00,9.00,4.00	59.38,28.12,12.50	0.62,0.37,0.11	32.00	32.00	8.96	kmeans_opt
336	3.00	2487.00,467.00,57.00	18.00,15.00,1.00	52.94,44.12,2.94	0.21,0.17,0.02	34.00	34.00	10.28	kmeans_opt
337	2.00	170.00,1250.00	22.00,11.00	66.67,33.33	0.50,0.23	34.00	33.00	7.62	kmeans_opt
338	3.00	188.00,942.00,64.00	24.00,10.00,5.00	61.54,25.64,12.82	0.62,0.33,0.12	39.00	39.00	7.67	kmeans_opt
339	2.00	1105.00,386.00	22.00,16.00	57.89,42.11	0.43,0.30	38.00	38.00	9.93	kmeans_opt
340	2.00	418.00,141.00	30.00,16.00	65.22,34.78	0.62,0.27	47.00	46.00	8.55	kmeans_opt
341	3.00	1074.00,2015.00,155.00	24.00,13.00,3.00	60.00,32.50,7.50	0.64,0.35,0.07	40.00	40.00	10.25	kmeans_opt
342	3.00	2890.00,914.00,98.00	18.00,14.00,4.00	50.00,38.89,11.11	0.29,0.23,0.05	36.00	36.00	10.60	kmeans_opt
343	4.00	349.00,235.00,46.00,1705.00	21.00,19.00,4.00,1.00	46.67,42.22,8.89,2.22	0.73,0.65,0.12,0.04	45.00	45.00	8.16	kmeans_opt
344	3.00	457.00,755.00,79.00	14.00,9.00,2.00	56.00,36.00,8.00	0.54,0.43,0.08	25.00	25.00	9.03	kmeans_opt
345	2.00	2479.00,95.00	31.00,20.00	60.78,39.22	0.67,0.34	51.00	51.00	11.05	kmeans_opt
346	2.00	1477.00,189.00	23.00,10.00	69.70,30.30	0.75,0.22	33.00	33.00	10.40	kmeans_opt
347	3.00	1373.00,304.00,120.00	23.00,13.00,3.00	58.97,33.33,7.69	0.40,0.22,0.06	39.00	39.00	10.09	kmeans_opt
348	3.00	929.00,1233.00,84.00	22.00,17.00,5.00	50.00,38.64,11.36	0.98,0.84,0.17	44.00	44.00	10.00	kmeans_opt
349	2.00	720.00,218.00	30.00,16.00	65.22,34.78	0.82,0.35	47.00	46.00	9.35	kmeans_opt
350	3.00	1106.00,318.00,76.00	18.00,14.00,6.00	47.37,36.84,15.79	0.21,0.19,0.08	38.00	38.00	8.65	kmeans_opt
351	2.00	192.00,2692.00	28.00,15.00	65.12,34.88	0.43,0.28	43.00	43.00	7.83	kmeans_opt
352	2.00	1254.00,85.00	36.00,16.00	69.23,30.77	0.70,0.24	52.00	52.00	10.10	kmeans_opt
353	2.00	331.00,1260.00	28.00,21.00	57.14,42.86	0.27,0.23	49.00	49.00	8.80	kmeans_opt
354	2.00	267.00,1727.00	27.00,15.00	64.29,35.71	0.45,0.30	42.00	42.00	8.18	kmeans_opt
355	2.00	312.00,1283.00	32.00,12.00	72.73,27.27	0.81,0.37	46.00	44.00	8.48	kmeans_opt
356	3.00	1514.00,315.00,147.00	20.00,15.00,4.00	51.28,38.46,10.26	0.27,0.22,0.12	39.00	39.00	10.09	kmeans_opt
357	2.00	1007.00,276.00	37.00,20.00	64.91,35.09	0.54,0.29	57.00	57.00	9.72	kmeans_opt
358	3.00	272.00,2527.00,53.00	26.00,10.00,2.00	68.42,26.32,5.26	0.68,0.30,0.08	38.00	38.00	8.24	kmeans_opt
359	3.00	1700.00,2296.00,240.00	24.00,19.00,6.00	48.98,38.78,12.24	0.80,0.80,0.13	49.00	49.00	10.88	kmeans_opt
360	2.00	364.00,873.00	22.00,18.00	55.00,45.00	0.34,0.33	40.00	40.00	8.80	kmeans_opt
361	3.00	2483.00,659.00,138.00	19.00,18.00,8.00	42.22,40.00,17.78	0.20,0.20,0.07	45.00	45.00	9.72	kmeans_opt
362	3.00	827.00,625.00,82.00	18.00,9.00,6.00	54.55,27.27,18.18	0.91,0.67,0.14	33.00	33.00	9.50	kmeans_opt
363	2.00	1061.00,729.00	16.00,7.00	69.57,30.43	1.09,0.56	23.00	23.00	9.91	kmeans_opt
364	3.00	890.00,491.00,87.00	21.00,15.00,4.00	52.50,37.50,10.00	0.53,0.45,0.07	40.00	40.00	9.43	kmeans_opt
365	2.00	285.00,1047.00	31.00,17.00	64.58,35.42	0.47,0.33	48.00	48.00	8.39	kmeans_opt
366	2.00	303.00,2739.00	26.00,16.00	61.90,38.10	0.45,0.26	42.00	42.00	8.60	kmeans_opt
367	3.00	1790.00,891.00,176.00	21.00,16.00,5.00	50.00,38.10,11.90	0.40,0.36,0.06	42.00	42.00	10.25	kmeans_opt
368	3.00	124.00,582.00,58.00	20.00,19.00,7.00	43.48,41.30,15.22	0.24,0.20,0.15	46.00	46.00	7.27	kmeans_opt
369	3.00	1009.00,762.00,100.00	29.00,16.00,3.00	60.42,33.33,6.25	1.30,0.60,0.17	48.00	48.00	9.88	kmeans_opt
370	2.00	412.00,1302.00	35.00,26.00	57.38,42.62	0.28,0.25	62.00	61.00	9.09	kmeans_opt
371	4.00	642.00,357.00,54.00,2051.00	18.00,13.00,6.00,3.00	45.00,32.50,15.00,7.50	0.47,0.36,0.13,0.08	40.00	40.00	9.03	kmeans_opt
372	3.00	1112.00,135.00,48.00	17.00,12.00,2.00	54.84,38.71,6.45	0.30,0.20,0.06	31.00	31.00	9.59	kmeans_opt
373	3.00	954.00,1300.00,131.00	22.00,18.00,2.00	52.38,42.86,4.76	1.02,0.79,0.09	42.00	42.00	10.02	kmeans_opt
374	3.00	1707.00,217.00,87.00	22.00,16.00,2.00	55.00,40.00,5.00	0.50,0.34,0.03	40.00	40.00	10.47	kmeans_opt
375	2.00	961.00,143.00	31.00,15.00	67.39,32.61	0.66,0.27	46.00	46.00	9.69	kmeans_opt
376	3.00	766.00,1221.00,92.00	18.00,16.00,4.00	47.37,42.11,10.53	0.58,0.61,0.11	38.00	38.00	9.80	kmeans_opt
377	3.00	510.00,719.00,78.00	31.00,24.00,7.00	50.00,38.71,11.29	0.82,0.62,0.10	62.00	62.00	9.12	kmeans_opt
378	3.00	949.00,780.00,72.00	21.00,12.00,4.00	56.76,32.43,10.81	1.33,0.89,0.17	37.00	37.00	9.79	kmeans_opt
379	2.00	135.00,709.00	30.00,18.00	62.50,37.50	0.34,0.26	48.00	48.00	7.45	kmeans_opt
380	2.00	1341.00,267.00	27.00,12.00	69.23,30.77	1.01,0.39	39.00	39.00	10.25	kmeans_opt
381	3.00	1031.00,486.00,90.00	27.00,15.00,5.00	57.45,31.91,10.64	0.55,0.27,0.09	47.00	47.00	9.77	kmeans_opt
382	3.00	278.00,618.00,69.00	33.00,12.00,6.00	64.71,23.53,11.76	0.73,0.23,0.10	51.00	51.00	8.16	kmeans_opt
383	2.00	795.00,146.00	35.00,12.00	74.47,25.53	0.93,0.22	47.00	47.00	9.54	kmeans_opt
384	3.00	257.00,689.00,59.00	19.00,9.00,3.00	61.29,29.03,9.68	0.50,0.29,0.09	31.00	31.00	8.03	kmeans_opt
385	3.00	370.00,254.00,56.00	20.00,18.00,3.00	48.78,43.90,7.32	0.72,0.66,0.07	41.00	41.00	8.21	kmeans_opt
386	3.00	936.00,659.00,65.00	31.00,9.00,4.00	70.45,20.45,9.09	1.21,0.48,0.11	44.00	44.00	9.74	kmeans_opt
387	3.00	341.00,1569.00,98.00	23.00,11.00,4.00	60.53,28.95,10.53	0.42,0.23,0.07	39.00	38.00	8.57	kmeans_opt
388	4.00	136.00,201.00,48.00,1214.00	20.00,17.00,5.00,1.00	46.51,39.53,11.63,2.33	0.65,0.53,0.10,0.03	43.00	43.00	7.21	kmeans_opt
389	2.00	195.00,1191.00	30.00,15.00	66.67,33.33	0.43,0.26	45.00	45.00	7.75	kmeans_opt
390	3.00	1278.00,219.00,38.00	29.00,17.00,4.00	58.00,34.00,8.00	0.50,0.28,0.04	50.00	50.00	10.07	kmeans_opt
391	2.00	996.00,302.00	24.00,15.00	61.54,38.46	0.38,0.19	39.00	39.00	9.59	kmeans_opt
392	3.00	614.00,316.00,58.00	28.00,22.00,5.00	50.91,40.00,9.09	0.57,0.41,0.08	56.00	55.00	8.97	kmeans_opt
393	2.00	1682.00,153.00	32.00,20.00	61.54,38.46	0.48,0.20	52.00	52.00	10.49	kmeans_opt
394	3.00	917.00,291.00,113.00	23.00,19.00,3.00	51.11,42.22,6.67	0.27,0.24,0.08	45.00	45.00	9.57	kmeans_opt
395	3.00	319.00,1148.00,70.00	32.00,14.00,3.00	65.31,28.57,6.12	0.66,0.29,0.03	49.00	49.00	8.43	kmeans_opt
396	2.00	619.00,119.00	35.00,19.00	64.81,35.19	0.60,0.27	54.00	54.00	9.10	kmeans_opt
397	3.00	182.00,2473.00,45.00	31.00,15.00,2.00	64.58,31.25,4.17	0.53,0.25,0.01	48.00	48.00	7.71	kmeans_opt
398	2.00	754.00,153.00	37.00,23.00	61.67,38.33	0.41,0.20	60.00	60.00	9.24	kmeans_opt
399	3.00	467.00,704.00,90.00	33.00,22.00,4.00	55.93,37.29,6.78	0.93,0.58,0.06	59.00	59.00	8.97	kmeans_opt
400	3.00	482.00,1315.00,47.00	22.00,15.00,3.00	55.00,37.50,7.50	0.33,0.27,0.04	40.00	40.00	9.33	kmeans_opt
401	3.00	202.00,1960.00,62.00	27.00,13.00,3.00	62.79,30.23,6.98	0.84,0.36,0.09	43.00	43.00	7.73	kmeans_opt
402	3.00	5714.00,3372.00,530.00	22.00,8.00,3.00	66.67,24.24,9.09	0.69,0.34,0.10	33.00	33.00	12.28	kmeans_opt
403	3.00	386.00,153.00,74.00	26.00,13.00,5.00	59.09,29.55,11.36	0.59,0.26,0.10	44.00	44.00	8.44	kmeans_opt
404	4.00	715.00,355.00,1862.00,71.00	45.00,7.00,5.00,4.00	73.77,11.48,8.20,6.56	1.30,0.14,0.14,0.07	61.00	61.00	9.43	kmeans_opt
405	3.00	767.00,552.00,69.00	30.00,29.00,8.00	44.78,43.28,11.94	0.92,0.77,0.10	67.00	67.00	9.30	kmeans_opt
406	2.00	888.00,332.00	32.00,16.00	66.67,33.33	0.46,0.23	48.00	48.00	9.57	kmeans_opt
407	3.00	643.00,467.00,71.00	22.00,16.00,7.00	48.89,35.56,15.56	0.80,0.61,0.26	45.00	45.00	9.11	kmeans_opt
408	4.00	2118.00,310.00,78.00,746.00	20.00,19.00,3.00,2.00	45.45,43.18,6.82,4.55	0.17,0.17,0.06,0.17	44.00	44.00	8.98	kmeans_opt
409	2.00	228.00,1026.00	34.00,16.00	68.00,32.00	0.54,0.32	50.00	50.00	8.13	kmeans_opt
410	3.00	498.00,74.00,110.00	22.00,13.00,10.00	48.89,28.89,22.22	0.21,0.21,0.21	45.00	45.00	7.17	kmeans_opt
411	3.00	752.00,514.00,82.00	22.00,11.00,3.00	61.11,30.56,8.33	1.01,0.54,0.16	36.00	36.00	9.41	kmeans_opt
412	3.00	1179.00,839.00,127.00	16.00,12.00,6.00	47.06,35.29,17.65	0.70,0.65,0.22	34.00	34.00	9.96	kmeans_opt
413	3.00	1236.00,275.00,39.00	20.00,14.00,1.00	57.14,40.00,2.86	0.49,0.32,0.03	35.00	35.00	10.06	kmeans_opt
414	2.00	395.00,2052.00	26.00,11.00	70.27,29.73	0.44,0.22	37.00	37.00	8.82	kmeans_opt
415	2.00	1228.00,124.00	34.00,17.00	66.67,33.33	0.42,0.20	51.00	51.00	9.83	kmeans_opt
416	3.00	850.00,259.00,68.00	30.00,17.00,7.00	55.56,31.48,12.96	0.42,0.21,0.08	54.00	54.00	9.46	kmeans_opt
417	3.00	1228.00,1756.00,160.00	20.00,16.00,6.00	47.62,38.10,14.29	0.76,0.63,0.13	42.00	42.00	10.37	kmeans_opt
418	2.00	172.00,426.00	21.00,17.00	55.26,44.74	0.36,0.31	38.00	38.00	7.85	kmeans_opt
419	3.00	842.00,338.00,101.00	23.00,10.00,8.00	56.10,24.39,19.51	0.36,0.20,0.11	41.00	41.00	9.31	kmeans_opt
420	2.00	333.00,1933.00	30.00,19.00	61.22,38.78	0.20,0.15	49.00	49.00	8.64	kmeans_opt
421	3.00	902.00,1191.00,88.00	21.00,19.00,8.00	43.75,39.58,16.67	0.69,0.73,0.15	48.00	48.00	9.92	kmeans_opt
422	3.00	1421.00,528.00,73.00	34.00,18.00,7.00	57.63,30.51,11.86	0.40,0.25,0.08	59.00	59.00	10.03	kmeans_opt
423	3.00	825.00,242.00,85.00	19.00,12.00,5.00	52.78,33.33,13.89	0.28,0.22,0.09	36.00	36.00	9.23	kmeans_opt
424	2.00	804.00,548.00	22.00,12.00	64.71,35.29	1.06,0.57	34.00	34.00	9.58	kmeans_opt
425	3.00	139.00,1781.00,45.00	28.00,9.00,3.00	70.00,22.50,7.50	0.70,0.27,0.11	40.00	40.00	7.20	kmeans_opt
426	2.00	1308.00,226.00	28.00,12.00	70.00,30.00	0.71,0.27	40.00	40.00	10.21	kmeans_opt
427	2.00	1884.00,607.00	34.00,15.00	69.39,30.61	1.00,0.24	49.00	49.00	10.77	kmeans_opt
428	2.00	409.00,46.00	37.00,3.00	92.50,7.50	0.39,0.05	40.00	40.00	8.59	kmeans_opt
429	3.00	537.00,821.00,92.00	31.00,12.00,4.00	65.96,25.53,8.51	0.87,0.40,0.09	47.00	47.00	9.16	kmeans_opt
430	4.00	1795.00,1368.00,2278.00,150.00	14.00,13.00,6.00,2.00	40.00,37.14,17.14,5.71	0.93,0.66,0.54,0.00	35.00	35.00	10.70	kmeans_opt
431	4.00	2606.00,942.00,1420.00,96.00	26.00,24.00,7.00,3.00	43.33,40.00,11.67,5.00	0.34,0.30,0.30,0.03	60.00	60.00	10.40	kmeans_opt
432	2.00	372.00,1465.00	32.00,26.00	55.17,44.83	0.27,0.27	58.00	58.00	9.07	kmeans_opt
433	2.00	126.00,1032.00	28.00,22.00	56.00,44.00	0.22,0.20	50.00	50.00	7.21	kmeans_opt
434	3.00	882.00,2294.00,236.00	34.00,15.00,5.00	62.96,27.78,9.26	0.75,0.33,0.06	54.00	54.00	9.84	kmeans_opt
435	3.00	1259.00,846.00,157.00	28.00,15.00,7.00	56.00,30.00,14.00	0.76,0.46,0.18	50.00	50.00	10.12	kmeans_opt
436	4.00	892.00,600.00,1276.00,102.00	30.00,16.00,7.00,3.00	53.57,28.57,12.50,5.36	0.89,0.57,0.22,0.07	56.00	56.00	9.63	kmeans_opt
437	3.00	1116.00,587.00,119.00	37.00,10.00,9.00	66.07,17.86,16.07	0.64,0.16,0.16	57.00	56.00	9.94	kmeans_opt
438	2.00	104.00,2206.00	31.00,15.00	67.39,32.61	0.41,0.23	46.00	46.00	7.06	kmeans_opt
439	2.00	1644.00,152.00	42.00,18.00	70.00,30.00	0.64,0.19	60.00	60.00	10.49	kmeans_opt
440	3.00	932.00,1726.00,113.00	27.00,16.00,4.00	57.45,34.04,8.51	0.61,0.41,0.01	47.00	47.00	9.99	kmeans_opt
441	3.00	2454.00,306.00,55.00	28.00,26.00,3.00	49.12,45.61,5.26	0.17,0.16,0.04	57.00	57.00	9.23	kmeans_opt
442	3.00	1497.00,123.00,93.00	20.00,11.00,8.00	51.28,28.21,20.51	0.21,0.20,0.19	39.00	39.00	9.80	kmeans_opt
443	3.00	801.00,244.00,68.00	29.00,15.00,6.00	58.00,30.00,12.00	0.40,0.23,0.08	50.00	50.00	9.24	kmeans_opt
444	3.00	403.00,1619.00,92.00	30.00,10.00,8.00	62.50,20.83,16.67	0.71,0.26,0.20	48.00	48.00	8.69	kmeans_opt
445	2.00	313.00,70.00	44.00,5.00	89.80,10.20	0.62,0.14	49.00	49.00	8.15	kmeans_opt
446	2.00	135.00,1748.00	52.00,21.00	71.23,28.77	0.45,0.21	74.00	73.00	7.24	kmeans_opt
447	2.00	1811.00,515.00	29.00,14.00	67.44,32.56	0.56,0.21	43.00	43.00	10.53	kmeans_opt
448	3.00	1067.00,660.00,76.00	30.00,19.00,6.00	54.55,34.55,10.91	0.73,0.42,0.12	55.00	55.00	9.81	kmeans_opt
449	3.00	524.00,1824.00,99.00	28.00,12.00,5.00	62.22,26.67,11.11	0.57,0.26,0.07	45.00	45.00	9.11	kmeans_opt
450	3.00	1096.00,644.00,71.00	18.00,13.00,3.00	52.94,38.24,8.82	0.60,0.44,0.09	34.00	34.00	9.71	kmeans_opt
451	3.00	288.00,188.00,55.00	24.00,17.00,6.00	51.06,36.17,12.77	0.78,0.49,0.09	47.00	47.00	7.92	kmeans_opt
452	2.00	915.00,100.00	28.00,24.00	53.85,46.15	0.57,0.28	52.00	52.00	9.64	kmeans_opt
453	4.00	2790.00,301.00,427.00,95.00	30.00,15.00,10.00,1.00	53.57,26.79,17.86,1.79	0.46,0.31,0.26,0.02	56.00	56.00	11.10	kmeans_opt
454	3.00	993.00,580.00,69.00	26.00,9.00,4.00	66.67,23.08,10.26	0.79,0.28,0.15	39.00	39.00	9.74	kmeans_opt
455	3.00	799.00,440.00,79.00	28.00,13.00,6.00	59.57,27.66,12.77	0.64,0.28,0.13	47.00	47.00	9.47	kmeans_opt
456	3.00	3348.00,833.00,211.00	30.00,15.00,7.00	57.69,28.85,13.46	0.49,0.23,0.07	52.00	52.00	11.39	kmeans_opt
457	2.00	1270.00,96.00	34.00,21.00	61.82,38.18	0.68,0.27	55.00	55.00	10.11	kmeans_opt
458	3.00	1096.00,614.00,109.00	17.00,10.00,5.00	53.12,31.25,15.62	0.52,0.37,0.11	32.00	32.00	9.74	kmeans_opt
459	3.00	1378.00,766.00,110.00	28.00,10.00,5.00	65.12,23.26,11.63	0.71,0.31,0.10	43.00	43.00	10.12	kmeans_opt
460	4.00	415.00,528.00,59.00,2213.00	12.00,11.00,4.00,1.00	42.86,39.29,14.29,3.57	0.96,0.93,0.25,0.09	28.00	28.00	8.80	kmeans_opt
461	2.00	999.00,263.00	35.00,19.00	64.81,35.19	0.54,0.20	54.00	54.00	9.67	kmeans_opt
462	2.00	966.00,178.00	46.00,16.00	74.19,25.81	0.68,0.19	62.00	62.00	9.70	kmeans_opt
463	2.00	1196.00,323.00	37.00,12.00	75.51,24.49	0.48,0.15	49.00	49.00	10.08	kmeans_opt
464	2.00	1015.00,267.00	40.00,20.00	66.67,33.33	0.55,0.20	60.00	60.00	9.71	kmeans_opt
465	3.00	1347.00,568.00,141.00	31.00,9.00,5.00	68.89,20.00,11.11	0.70,0.20,0.11	45.00	45.00	10.26	kmeans_opt
466	3.00	359.00,442.00,60.00	23.00,22.00,4.00	46.94,44.90,8.16	1.14,1.11,0.07	49.00	49.00	8.58	kmeans_opt
467	2.00	911.00,367.00	34.00,13.00	72.34,27.66	0.89,0.37	47.00	47.00	9.70	kmeans_opt
468	3.00	148.00,1932.00,49.00	26.00,12.00,4.00	61.90,28.57,9.52	0.60,0.30,0.10	42.00	42.00	7.34	kmeans_opt
469	3.00	524.00,400.00,65.00	36.00,18.00,7.00	59.02,29.51,11.48	0.98,0.70,0.10	61.00	61.00	8.89	kmeans_opt
470	3.00	877.00,2772.00,89.00	21.00,7.00,5.00	63.64,21.21,15.15	0.96,0.44,0.16	33.00	33.00	9.79	kmeans_opt
471	2.00	2272.00,472.00	33.00,17.00	66.00,34.00	0.68,0.23	50.00	50.00	10.96	kmeans_opt
472	2.00	244.00,1028.00	17.00,11.00	60.71,39.29	0.33,0.22	28.00	28.00	8.24	kmeans_opt
473	3.00	230.00,951.00,60.00	32.00,16.00,3.00	62.75,31.37,5.88	0.56,0.29,0.05	51.00	51.00	8.05	kmeans_opt
474	2.00	381.00,107.00	21.00,10.00	67.74,32.26	0.81,0.25	31.00	31.00	8.43	kmeans_opt
475	2.00	2009.00,121.00	35.00,25.00	58.33,41.67	0.45,0.28	60.00	60.00	10.63	kmeans_opt
476	3.00	659.00,378.00,66.00	22.00,15.00,1.00	57.89,39.47,2.63	0.70,0.43,0.04	38.00	38.00	9.08	kmeans_opt
477	3.00	862.00,157.00,66.00	27.00,18.00,5.00	54.00,36.00,10.00	0.29,0.21,0.09	50.00	50.00	9.19	kmeans_opt
478	2.00	194.00,510.00	31.00,21.00	59.62,40.38	0.37,0.29	52.00	52.00	7.97	kmeans_opt
479	4.00	976.00,817.00,174.00,559.00	13.00,10.00,3.00,1.00	48.15,37.04,11.11,3.70	1.43,1.11,0.25,0.12	27.00	27.00	9.80	kmeans_opt
480	3.00	624.00,983.00,96.00	24.00,15.00,9.00	50.00,31.25,18.75	0.54,0.44,0.11	48.00	48.00	9.44	kmeans_opt
481	2.00	275.00,1037.00	20.00,16.00	55.56,44.44	0.28,0.25	36.00	36.00	8.47	kmeans_opt
482	2.00	273.00,660.00	30.00,16.00	65.22,34.78	0.61,0.31	46.00	46.00	8.34	kmeans_opt
483	3.00	789.00,668.00,162.00	11.00,9.00,2.00	50.00,40.91,9.09	1.32,1.32,0.00	22.00	22.00	9.49	kmeans_opt
484	2.00	1215.00,209.00	27.00,17.00	61.36,38.64	0.58,0.36	44.00	44.00	9.97	kmeans_opt
485	3.00	1263.00,218.00,117.00	20.00,12.00,5.00	54.05,32.43,13.51	0.19,0.17,0.13	37.00	37.00	9.37	kmeans_opt
486	3.00	1042.00,585.00,78.00	12.00,10.00,2.00	50.00,41.67,8.33	0.49,0.42,0.07	24.00	24.00	9.54	kmeans_opt
487	3.00	505.00,739.00,65.00	30.00,23.00,7.00	50.00,38.33,11.67	0.67,0.63,0.10	60.00	60.00	9.18	kmeans_opt
488	3.00	1874.00,421.00,94.00	24.00,14.00,3.00	58.54,34.15,7.32	0.44,0.25,0.05	41.00	41.00	10.46	kmeans_opt
489	3.00	679.00,520.00,60.00	10.00,10.00,4.00	41.67,41.67,16.67	0.79,0.77,0.14	24.00	24.00	9.08	kmeans_opt
490	2.00	989.00,121.00	24.00,16.00	60.00,40.00	0.34,0.24	40.00	40.00	9.67	kmeans_opt
491	3.00	720.00,422.00,77.00	16.00,11.00,3.00	53.33,36.67,10.00	0.59,0.47,0.09	30.00	30.00	9.23	kmeans_opt
492	4.00	435.00,346.00,139.00,31.00	19.00,18.00,7.00,4.00	39.58,37.50,14.58,8.33	0.98,0.89,0.13,0.06	48.00	48.00	8.52	kmeans_opt
493	4.00	353.00,251.00,2116.00,74.00	27.00,8.00,1.00,1.00	72.97,21.62,2.70,2.70	1.11,0.39,0.06,0.06	38.00	37.00	8.41	kmeans_opt
494	2.00	783.00,293.00	21.00,10.00	67.74,32.26	1.11,0.31	31.00	31.00	9.48	kmeans_opt
495	3.00	531.00,1982.00,63.00	23.00,8.00,6.00	62.16,21.62,16.22	0.58,0.21,0.17	37.00	37.00	9.13	kmeans_opt
496	3.00	799.00,1988.00,118.00	18.00,9.00,7.00	52.94,26.47,20.59	0.41,0.22,0.12	34.00	34.00	9.67	kmeans_opt
497	2.00	990.00,2717.00	23.00,19.00	54.76,45.24	0.31,0.31	42.00	42.00	10.32	kmeans_opt
498	4.00	1146.00,767.00,5178.00,182.00	14.00,8.00,1.00,1.00	58.33,33.33,4.17,4.17	0.75,0.56,0.06,0.06	24.00	24.00	10.03	kmeans_opt
499	1.00	5718.00	16.00	100.00	0.64	16.00	16.00	12.48	median
500	2.00	422.00,189.00	29.00,13.00	69.05,30.95	0.52,0.27	42.00	42.00	8.54	kmeans_opt
